AMPS: Averaged particles microscopic aprameters:
AMPS: spec	<Speed>		<v[0]>		<v[1]>		<v[2]>
AMPS: 0	3.021582e+04	2.843053e+04	8.494105e+01	-2.010193e+03	
AMPS: 1	5.282327e+04	4.755031e+04	5.323058e+03	1.450246e+04	
AMPS: 2	0.000000e+00	0.000000e+00	0.000000e+00	0.000000e+00	
AMPS: 3	0.000000e+00	0.000000e+00	0.000000e+00	0.000000e+00	

