AMPS: Averaged particles microscopic aprameters:
AMPS: spec	<Speed>		<v[0]>		<v[1]>		<v[2]>
AMPS: 0	3.020765e+04	2.842256e+04	7.115566e+01	-2.025993e+03	
AMPS: 1	5.338974e+04	4.724735e+04	6.891140e+03	1.531651e+04	
AMPS: 2	0.000000e+00	0.000000e+00	0.000000e+00	0.000000e+00	
AMPS: 3	0.000000e+00	0.000000e+00	0.000000e+00	0.000000e+00	

