AMPS: Averaged particles microscopic aprameters:
AMPS: spec	<Speed>		<v[0]>		<v[1]>		<v[2]>
AMPS: 0	3.030929e+04	2.847915e+04	6.791010e+01	-2.038970e+03	
AMPS: 1	5.334094e+04	4.762127e+04	6.176588e+03	1.599579e+04	
AMPS: 2	0.000000e+00	0.000000e+00	0.000000e+00	0.000000e+00	
AMPS: 3	0.000000e+00	0.000000e+00	0.000000e+00	0.000000e+00	

