AMPS: Averaged particles microscopic aprameters:
AMPS: spec	<Speed>		<v[0]>		<v[1]>		<v[2]>
AMPS: 0	3.021745e+04	2.843447e+04	8.003752e+01	-2.016047e+03	
AMPS: 1	5.342742e+04	4.856650e+04	5.036654e+03	1.463725e+04	
AMPS: 2	0.000000e+00	0.000000e+00	0.000000e+00	0.000000e+00	
AMPS: 3	0.000000e+00	0.000000e+00	0.000000e+00	0.000000e+00	

