AMPS: Averaged particles microscopic aprameters:
AMPS: spec	<Speed>		<v[0]>		<v[1]>		<v[2]>
AMPS: 0	3.030877e+04	2.847950e+04	6.449564e+01	-2.039616e+03	
AMPS: 1	5.366611e+04	4.782023e+04	5.601153e+03	1.574964e+04	
AMPS: 2	0.000000e+00	0.000000e+00	0.000000e+00	0.000000e+00	
AMPS: 3	0.000000e+00	0.000000e+00	0.000000e+00	0.000000e+00	

