AMPS: Averaged particles microscopic aprameters:
AMPS: spec	<Speed>		<v[0]>		<v[1]>		<v[2]>
AMPS: 0	3.028977e+04	2.832138e+04	-6.163045e+00	-2.271969e+03	
AMPS: 1	0.000000e+00	0.000000e+00	0.000000e+00	0.000000e+00	
AMPS: 2	0.000000e+00	0.000000e+00	0.000000e+00	0.000000e+00	
AMPS: 3	0.000000e+00	0.000000e+00	0.000000e+00	0.000000e+00	

