AMPS: Averaged particles microscopic aprameters:
AMPS: spec	<Speed>		<v[0]>		<v[1]>		<v[2]>
AMPS: 0	0.000000e+00	0.000000e+00	0.000000e+00	0.000000e+00	
AMPS: 1	0.000000e+00	0.000000e+00	0.000000e+00	0.000000e+00	
AMPS: 2	2.752616e+06	-3.609909e+03	-2.344313e+04	2.046047e+04	
AMPS: 3	9.392368e+04	-8.217974e+04	-9.380648e+02	-3.242288e+02	

