AMPS: Averaged particles microscopic aprameters:
AMPS: spec	<Speed>		<v[0]>		<v[1]>		<v[2]>
AMPS: 0	0.000000e+00	0.000000e+00	0.000000e+00	0.000000e+00	
AMPS: 1	0.000000e+00	0.000000e+00	0.000000e+00	0.000000e+00	
AMPS: 2	2.861319e+06	8.209081e+04	-1.093788e+05	-5.881876e+04	
AMPS: 3	1.042835e+05	-9.735373e+04	2.835181e+03	-2.485837e+03	

