AMPS: Averaged particles microscopic aprameters:
AMPS: spec	<Speed>		<v[0]>		<v[1]>		<v[2]>
AMPS: 0	0.000000e+00	0.000000e+00	0.000000e+00	0.000000e+00	
AMPS: 1	0.000000e+00	0.000000e+00	0.000000e+00	0.000000e+00	
AMPS: 2	2.739567e+06	-3.404105e+03	1.068133e+04	-1.445327e+04	
AMPS: 3	8.314525e+04	-5.906777e+04	-3.204661e+04	-1.476625e+02	

