AMPS: Averaged particles microscopic aprameters:
AMPS: spec	<Speed>		<v[0]>		<v[1]>		<v[2]>
AMPS: 0	0.000000e+00	0.000000e+00	0.000000e+00	0.000000e+00	
AMPS: 1	0.000000e+00	0.000000e+00	0.000000e+00	0.000000e+00	
AMPS: 2	2.739867e+06	-3.211172e+03	1.010870e+04	-1.407389e+04	
AMPS: 3	9.495420e+04	-8.328743e+04	-4.103081e+02	-1.290072e+02	

