AMPS: Averaged particles microscopic aprameters:
AMPS: spec	<Speed>		<v[0]>		<v[1]>		<v[2]>
AMPS: 0	0.000000e+00	0.000000e+00	0.000000e+00	0.000000e+00	
AMPS: 1	0.000000e+00	0.000000e+00	0.000000e+00	0.000000e+00	
AMPS: 2	2.717310e+06	1.163759e+04	-5.254097e+04	-9.215426e+03	
AMPS: 3	8.299365e+04	-5.851568e+04	-3.259399e+04	-2.618404e+02	

