AMPS: Averaged particles microscopic aprameters:
AMPS: spec	<Speed>		<v[0]>		<v[1]>		<v[2]>
AMPS: 0	0.000000e+00	0.000000e+00	0.000000e+00	0.000000e+00	
AMPS: 1	0.000000e+00	0.000000e+00	0.000000e+00	0.000000e+00	
AMPS: 2	2.752644e+06	-4.033141e+03	-2.336313e+04	2.047807e+04	
AMPS: 3	8.247510e+04	-5.791743e+04	-3.250780e+04	-3.341542e+02	

