AMPS: Averaged particles microscopic aprameters:
AMPS: spec	<Speed>		<v[0]>		<v[1]>		<v[2]>
AMPS: 0	0.000000e+00	0.000000e+00	0.000000e+00	0.000000e+00	
AMPS: 1	0.000000e+00	0.000000e+00	0.000000e+00	0.000000e+00	
AMPS: 2	2.752616e+06	-3.609195e+03	-2.344306e+04	2.046039e+04	
AMPS: 3	9.397844e+04	-8.224171e+04	-8.713176e+02	-3.249356e+02	

