AMPS: Averaged particles microscopic aprameters:
AMPS: spec	<Speed>		<v[0]>		<v[1]>		<v[2]>
AMPS: 0	0.000000e+00	0.000000e+00	0.000000e+00	0.000000e+00	
AMPS: 1	0.000000e+00	0.000000e+00	0.000000e+00	0.000000e+00	
AMPS: 2	2.717310e+06	1.163763e+04	-5.254129e+04	-9.215424e+03	
AMPS: 3	8.299347e+04	-5.851587e+04	-3.259321e+04	-2.618407e+02	

