AMPS: Averaged particles microscopic aprameters:
AMPS: spec	<Speed>		<v[0]>		<v[1]>		<v[2]>
AMPS: 0	0.000000e+00	0.000000e+00	0.000000e+00	0.000000e+00	
AMPS: 1	0.000000e+00	0.000000e+00	0.000000e+00	0.000000e+00	
AMPS: 2	2.739567e+06	-3.404166e+03	1.068164e+04	-1.445327e+04	
AMPS: 3	8.314541e+04	-5.906756e+04	-3.204738e+04	-1.476624e+02	

