AMPS: Averaged particles microscopic aprameters:
AMPS: spec	<Speed>		<v[0]>		<v[1]>		<v[2]>
AMPS: 0	0.000000e+00	0.000000e+00	0.000000e+00	0.000000e+00	
AMPS: 1	0.000000e+00	0.000000e+00	0.000000e+00	0.000000e+00	
AMPS: 2	2.739867e+06	-3.211692e+03	1.010861e+04	-1.407387e+04	
AMPS: 3	9.489915e+04	-8.322545e+04	-4.823472e+02	-1.290737e+02	

