AMPS: Averaged particles microscopic aprameters:
AMPS: spec	<Speed>		<v[0]>		<v[1]>		<v[2]>
AMPS: 0	0.000000e+00	0.000000e+00	0.000000e+00	0.000000e+00	
AMPS: 1	0.000000e+00	0.000000e+00	0.000000e+00	0.000000e+00	
AMPS: 2	2.739894e+06	-3.487889e+03	1.019603e+04	-1.406585e+04	
AMPS: 3	8.314923e+04	-5.907528e+04	-3.204853e+04	-1.427561e+02	

